kinectD = [612,518,1443,1165,1039,1042,950,908,2208,2181,]
zbufferD = [0.951535,0.941592,0.984734,0.977774,0.976013,0.976047,0.972854,0.971128,0.994013,0.993846,]
polyfit(kinectD,zbufferD,3);
----------
p1 = 2.5517e-11  -1.2510e-07   2.1150e-04   8.6259e-01


